(0.000 0.000)
(0.000 0.000)
(0.000 0.000)
(0.000 0.000)
(0.000 0.000)
(0.000 0.000)
(0.000 0.000)
(0.000 0.000)
(0.000 0.000)
(0.000 0.000)
(0.000 0.000)
(0.000 0.000)
(0.000 0.000)
(0.000 0.000)
(0.000 0.000)
(0.000 0.000)
(81.000 0.000)
(0.000 81.000)
(0.000 0.000)
(0.000 0.000)
(0.000 0.000)
(0.000 0.000)
(0.000 0.000)
(0.000 0.000)
(100.000 0.000)
(0.000 100.000)
(0.000 0.000)
(0.000 0.000)
(0.000 0.000)
(0.000 0.000)
(0.000 0.000)
(0.000 0.000)
(25.000 0.000)
(17.678 17.678)
(0.000 25.000)
(-17.678 17.678)
(49.000 0.000)
(34.648 34.648)
(0.000 49.000)
(-34.648 34.648)
(36.000 0.000)
(25.456 25.456)
(0.000 36.000)
(-25.456 25.456)
(64.000 0.000)
(45.255 45.255)
(0.000 64.000)
(-45.255 45.255)
(58.000 0.000)
(27.066 48.714)
(-28.284 41.012)
(-41.826 -10.437)
(-0.000 -40.000)
(41.826 -10.437)
(28.284 41.012)
(-27.066 48.714)
(80.000 0.000)
(39.274 65.251)
(-33.941 56.569)
(-53.005 -9.710)
(-0.000 -48.000)
(53.005 -9.710)
(33.941 56.569)
(-39.274 65.251)
(220.000 0.000)
(30.204 200.451)
(-155.474 35.796)
(-15.103 -111.423)
(82.024 14.142)
(-36.380 62.253)
(-42.752 -49.464)
(57.132 -21.375)
(0.000 60.000)
(-57.132 -21.375)
(42.752 -49.464)
(36.380 62.253)
(-82.024 14.142)
(15.103 -111.423)
(155.474 35.796)
(-30.204 200.451)
(0.000 0.000)
(0.000 0.000)
(0.000 0.000)
(0.000 0.000)
(0.000 0.000)
(0.000 0.000)
(0.000 0.000)
(0.000 0.000)
(0.000 0.000)
(0.000 0.000)
(0.000 0.000)
(0.000 0.000)
(0.000 0.000)
(0.000 0.000)
(0.000 0.000)
(0.000 0.000)
(81.000 0.000)
(0.000 81.000)
(0.000 0.000)
(0.000 0.000)
(0.000 0.000)
(0.000 0.000)
(0.000 0.000)
(0.000 0.000)
(100.000 0.000)
(0.000 100.000)
(0.000 0.000)
(0.000 0.000)
(0.000 0.000)
(0.000 0.000)
(0.000 0.000)
(0.000 0.000)
(25.000 0.000)
(17.678 17.678)
(0.000 25.000)
(-17.678 17.678)
(49.000 0.000)
(34.648 34.648)
(0.000 49.000)
(-34.648 34.648)
(36.000 0.000)
(25.456 25.456)
(0.000 36.000)
(-25.456 25.456)
(64.000 0.000)
(45.255 45.255)
(0.000 64.000)
(-45.255 45.255)
(58.000 0.000)
(27.066 48.714)
(-28.284 41.012)
(-41.826 -10.437)
(-0.000 -40.000)
(41.826 -10.437)
(28.284 41.012)
(-27.066 48.714)
(80.000 0.000)
(39.274 65.251)
(-33.941 56.569)
(-53.005 -9.710)
(-0.000 -48.000)
(53.005 -9.710)
(33.941 56.569)
(-39.274 65.251)
(220.000 0.000)
(30.204 200.451)
(-155.474 35.796)
(-15.103 -111.423)
(82.024 14.142)
(-36.380 62.253)
(-42.752 -49.464)
(57.132 -21.375)
(0.000 60.000)
(-57.132 -21.375)
(42.752 -49.464)
(36.380 62.253)
(-82.024 14.142)
(15.103 -111.423)
(155.474 35.796)
(-30.204 200.451)
(3025.000 -0.000)
(-1199.000 -5880.000)
(-2305.151 2709.747)
(18659.151 7189.747)
(1313.881 2851.824)
(7805.104 -6320.156)
(-4206.738 -1173.848)
(59203.753 53705.516)
(-2573.789 -1649.097)
(-2713.175 6954.561)
(3697.984 -1152.647)
(-28874.328 -27261.329)
(465.009 -3269.260)
(-13130.685 2586.389)
(3475.703 3746.337)
(-115226.719 -52835.978)
(-2398.000 0.000)
(11760.000 -0.000)
(16354.000 4480.000)
(-9899.495 20964.302)
(3598.366 -5146.309)
(7494.004 12011.842)
(60517.634 50853.691)
(-56557.340 57889.871)
(762.528 3208.224)
(-10700.898 -6188.879)
(-28409.319 -23992.069)
(30530.588 -29339.337)
(-9432.701 3739.036)
(-1433.743 -16828.669)
(-117800.508 -51186.881)
(54485.075 -112652.930)
(32708.000 -0.000)
(15648.000 -0.000)
(-8960.000 -0.000)
(-43648.000 -0.000)
(64116.000 56000.000)
(14734.958 77731.806)
(-45707.382 56919.267)
(-84120.993 -12850.474)
(-37842.020 -27731.105)
(-12071.133 -31448.573)
(20253.033 -18976.619)
(53220.287 13755.817)
(-117037.980 -54395.105)
(-53073.760 -121374.896)
(47978.658 -118563.036)
(114993.937 -29188.009)
(128232.000 -0.000)
(86720.000 -0.000)
(15856.000 -0.000)
(-88128.000 -0.000)
(-112000.000 -0.000)
(-132352.000 -0.000)
(-145136.000 0.000)
(-145600.000 0.000)
(-154880.000 -26664.000)
(-118669.043 -67390.063)
(-49008.131 -90023.209)
(50115.311 -73505.302)
(82126.210 -79195.959)
(116260.605 -72294.802)
(145502.314 -50813.254)
(161315.322 -16035.169)
(-309760.000 0.000)
(-259072.000 0.000)
(-159456.000 0.000)
(1664.000 0.000)
(4144.000 0.000)
(8960.000 0.000)
(17472.000 0.000)
(31488.000 0.000)
(53328.000 0.000)
(85888.000 0.000)
(128832.000 0.000)
(177920.000 0.000)
(228144.000 0.000)
(273664.000 0.000)
(307744.000 -0.000)
(322688.000 -0.000)
1 8 34 104 259 560 1092 1968 3333 5368 8052 11120 14259 17104 19234 20168 19361 16200 10000 
