(0.000 0.000)
(0.831 -0.556)
(-0.831 0.556)
(0.000 0.000)
(0.556 0.831)
(0.000 0.000)
(-0.556 -0.831)
(0.000 0.000)
(0.981 0.195)
(0.000 0.000)
(-0.981 -0.195)
(0.000 0.000)
(-0.195 0.981)
(0.000 0.000)
(0.195 -0.981)
(0.000 0.000)
(0.831 -0.556)
(-0.556 -0.831)
(0.000 0.000)
(0.000 0.000)
(0.000 0.000)
(0.000 0.000)
(0.000 0.000)
(0.000 0.000)
(0.000 0.000)
(0.000 0.000)
(0.000 0.000)
(0.000 0.000)
(0.000 0.000)
(0.000 0.000)
(0.000 0.000)
(0.000 0.000)
(-0.831 0.556)
(0.981 0.195)
(-0.556 -0.831)
(-0.195 0.981)
(-0.556 -0.831)
(-0.195 0.981)
(0.831 -0.556)
(-0.981 -0.195)
(-0.981 -0.195)
(0.556 0.831)
(0.195 -0.981)
(-0.831 0.556)
(0.195 -0.981)
(-0.831 0.556)
(0.981 0.195)
(-0.556 -0.831)
(81.000 0.000)
(74.084 30.848)
(58.061 58.452)
(31.358 73.022)
(-1.663 82.111)
(-29.185 75.195)
(-58.061 56.100)
(-74.984 31.748)
(-0.000 0.000)
(-0.425 -0.636)
(-0.276 1.387)
(1.536 -1.027)
(-1.962 -0.390)
(1.027 1.536)
(0.276 -1.387)
(-0.636 0.425)
(25.000 0.000)
(23.686 4.711)
(23.698 10.467)
(20.927 13.182)
(17.678 17.678)
(13.182 20.646)
(10.168 23.997)
(5.043 23.686)
(0.000 25.000)
(-6.126 24.271)
(-8.115 25.270)
(-13.182 17.232)
(-21.004 19.900)
(-17.232 14.596)
(-24.549 7.394)
(-24.768 6.126)
(0.981 -0.195)
(0.000 0.000)
(0.000 0.000)
(0.000 0.000)
(0.000 0.000)
(0.000 0.000)
(0.000 0.000)
(0.000 0.000)
(0.000 0.000)
(0.000 0.000)
(0.000 0.000)
(0.000 0.000)
(0.000 0.000)
(0.000 0.000)
(0.000 0.000)
(0.000 0.000)
(0.000 0.000)
(-0.000 0.000)
(-0.981 0.195)
(-0.195 -0.981)
(0.195 0.981)
(-0.981 0.195)
(-0.195 -0.981)
(0.981 -0.195)
(0.831 0.556)
(-0.556 0.831)
(-0.831 -0.556)
(0.556 -0.831)
(-0.556 0.831)
(-0.831 -0.556)
(0.556 -0.831)
(0.831 0.556)
(-0.981 0.195)
(0.556 -0.831)
(0.195 0.981)
(-0.831 -0.556)
(-0.195 -0.981)
(0.831 0.556)
(-0.981 0.195)
(0.556 -0.831)
(-0.831 -0.556)
(0.981 -0.195)
(-0.556 0.831)
(-0.195 -0.981)
(0.556 -0.831)
(0.195 0.981)
(-0.831 -0.556)
(0.981 -0.195)
(81.000 0.000)
(74.409 31.634)
(57.000 55.889)
(32.534 75.861)
(-1.962 81.390)
(-29.971 73.298)
(-57.000 58.663)
(-75.471 30.572)
(-0.000 0.000)
(-0.751 0.149)
(0.786 -1.176)
(0.360 1.812)
(-1.663 -1.111)
(1.812 -0.360)
(-0.786 1.176)
(-0.149 -0.751)
(25.000 0.000)
(24.047 5.584)
(22.886 8.505)
(21.386 14.290)
(17.678 17.678)
(13.489 21.386)
(9.356 22.035)
(5.584 24.992)
(0.000 25.000)
(-5.584 25.578)
(-10.077 20.534)
(-10.876 22.800)
(-21.601 18.458)
(-18.773 10.876)
(-22.587 12.130)
(-25.578 4.170)
(0.000 0.000)
(0.831 -0.556)
(-0.831 0.556)
(0.000 0.000)
(0.556 0.831)
(0.000 0.000)
(-0.556 -0.831)
(0.000 0.000)
(0.981 0.195)
(0.000 0.000)
(-0.981 -0.195)
(0.000 0.000)
(-0.195 0.981)
(0.000 -0.000)
(0.195 -0.981)
(0.000 0.000)
(0.831 -0.556)
(0.556 0.831)
(0.000 0.000)
(-0.000 0.000)
(0.000 0.000)
(-0.000 0.000)
(0.000 0.000)
(-0.000 0.000)
(0.831 -0.556)
(-0.556 -0.831)
(0.000 0.000)
(-0.000 0.000)
(0.000 0.000)
(0.000 0.000)
(0.000 -0.000)
(-0.000 -0.000)
(3248.169 0.556)
(2297.585 -2298.371)
(0.556 -3248.169)
(-2298.371 -2297.585)
(5774.444 3999.169)
(6912.950 -1254.919)
(3999.169 -5774.444)
(-1254.919 -6912.950)
(-3732.554 -2112.333)
(-4131.296 1144.558)
(-2112.333 3732.554)
(1144.558 4131.296)
(-9664.775 -5275.171)
(-10563.026 3105.582)
(-5275.171 9664.775)
(3105.582 10563.026)
(11550.000 -0.000)
(9710.335 -9710.936)
(0.786 -13822.762)
(-8353.472 -8352.020)
(-7998.337 -1.111)
(-2101.205 2102.657)
(-0.786 -2511.405)
(-5379.866 -5380.467)
(-13396.543 -3162.052)
(-11209.947 10289.870)
(1959.361 14697.096)
(11469.937 5428.360)
(7388.289 -5933.007)
(-3533.087 -5931.070)
(-6431.178 4248.477)
(3082.137 10424.900)
(-26515.712 -1588.608)
(-21306.328 19653.840)
(-351.333 24084.295)
(10041.346 9221.933)
(1130.898 -1321.671)
(-7703.549 5426.407)
(-1362.597 14272.077)
(8334.937 9255.174)
(4735.497 -277.375)
(-4904.370 3332.133)
(-1572.767 15220.430)
(12939.611 15064.132)
(17517.487 927.182)
(6141.349 -6085.216)
(-862.834 4290.548)
(11233.409 13316.830)
-7 67 347 339 42 -19 315 522 246 -26 309 951 1054 544 331 949 1649 1399 369 
